   0.00000000       0.00000000    
   9.99999978E-03   9.99983307E-03
   1.99999996E-02   1.99986659E-02
   2.99999993E-02   2.99954992E-02
   3.99999991E-02   3.99893336E-02
   4.99999970E-02   4.99791652E-02
   5.99999949E-02   5.99640012E-02
   6.99999928E-02   6.99428394E-02
   7.99999908E-02   7.99146816E-02
   8.99999887E-02   8.98785368E-02
   9.99999866E-02   9.98334065E-02
  0.109999985      0.109778285    
  0.119999982      0.119712189    
  0.129999980      0.129634127    
  0.139999986      0.139543101    
  0.149999991      0.149438128    
  0.159999996      0.159318209    
  0.170000002      0.169182345    
  0.180000007      0.179029584    
  0.190000013      0.188858911    
  0.200000018      0.198669344    
  0.210000023      0.208459929    
  0.220000029      0.218229651    
  0.230000034      0.227977559    
  0.240000039      0.237702668    
  0.250000030      0.247403994    
  0.260000020      0.257080585    
  0.270000011      0.266731441    
  0.280000001      0.276355654    
  0.289999992      0.285952210    
  0.299999982      0.295520186    
  0.309999973      0.305058599    
  0.319999963      0.314566523    
  0.329999954      0.324042976    
  0.339999944      0.333487034    
  0.349999934      0.342897743    
  0.359999925      0.352274150    
  0.369999915      0.361615360    
  0.379999906      0.370920390    
  0.389999896      0.380188316    
  0.399999887      0.389418244    
  0.409999877      0.398609221    
  0.419999868      0.407760322    
  0.429999858      0.416870683    
  0.439999849      0.425939322    
  0.449999839      0.434965402    
  0.459999830      0.443947941    
  0.469999820      0.452886134    
  0.479999810      0.461778998    
  0.489999801      0.470625699    
  0.499999791      0.479425341    
  0.509999812      0.488177091    
  0.519999802      0.496879965    
  0.529999793      0.505533159    
  0.539999783      0.514135778    
  0.549999774      0.522687018    
  0.559999764      0.531185985    
  0.569999754      0.539631844    
  0.579999745      0.548023701    
  0.589999735      0.556360781    
  0.599999726      0.564642251    
  0.609999716      0.572867215    
  0.619999707      0.581034899    
  0.629999697      0.589144528    
  0.639999688      0.597195208    
  0.649999678      0.605186164    
  0.659999669      0.613116562    
  0.669999659      0.620985746    
  0.679999650      0.628792763    
  0.689999640      0.636536896    
  0.699999630      0.644217432    
  0.709999621      0.651833475    
  0.719999611      0.659384370    
  0.729999602      0.666869342    
  0.739999592      0.674287617    
  0.749999583      0.681638479    
  0.759999573      0.688921154    
  0.769999564      0.696134925    
  0.779999554      0.703279078    
  0.789999545      0.710352957    
  0.799999535      0.717355788    
  0.809999526      0.724286854    
  0.819999516      0.731145501    
  0.829999506      0.737931013    
  0.839999497      0.744642794    
  0.849999487      0.751280069    
  0.859999478      0.757842243    
  0.869999468      0.764328599    
  0.879999459      0.770738542    
  0.889999449      0.777071416    
  0.899999440      0.783326566    
  0.909999430      0.789503396    
  0.919999421      0.795601249    
  0.929999411      0.801619589    
  0.939999402      0.807557762    
  0.949999392      0.813415170    
  0.959999382      0.819191217    
  0.969999373      0.824885368    
  0.979999363      0.830497026    
  0.989999354      0.836025596    
  0.999999344      0.841470659    
   1.00999939      0.846831501    
   1.01999938      0.852107704    
   1.02999938      0.857298672    
   1.03999937      0.862403929    
   1.04999936      0.867422879    
   1.05999935      0.872355163    
   1.06999934      0.877200186    
   1.07999933      0.881957471    
   1.08999932      0.886626601    
   1.09999931      0.891207039    
   1.10999930      0.895698369    
   1.11999929      0.900100112    
   1.12999928      0.904411852    
   1.13999927      0.908633173    
   1.14999926      0.912763655    
   1.15999925      0.916802824    
   1.16999924      0.920750320    
   1.17999923      0.924605727    
   1.18999922      0.928368688    
   1.19999921      0.932038784    
   1.20999920      0.935615718    
   1.21999919      0.939099073    
   1.22999918      0.942488551    
   1.23999918      0.945783734    
   1.24999917      0.948984385    
   1.25999916      0.952090085    
   1.26999915      0.955100596    
   1.27999914      0.958015621    
   1.28999913      0.960834801    
   1.29999912      0.963557959    
   1.30999911      0.966184735    
   1.31999910      0.968714893    
   1.32999909      0.971148133    
   1.33999908      0.973484337    
   1.34999907      0.975723147    
   1.35999906      0.977864385    
   1.36999905      0.979907870    
   1.37999904      0.981853366    
   1.38999903      0.983700633    
   1.39999902      0.985449553    
   1.40999901      0.987099946    
   1.41999900      0.988651633    
   1.42999899      0.990104437    
   1.43999898      0.991458237    
   1.44999897      0.992712855    
   1.45999897      0.993868232    
   1.46999896      0.994924247    
   1.47999895      0.995880723    
   1.48999894      0.996737659    
   1.49999893      0.997494936    
   1.50999892      0.998152435    
   1.51999891      0.998710096    
   1.52999890      0.999167919    
   1.53999889      0.999525785    
   1.54999888      0.999783754    
   1.55999887      0.999941707    
   1.56999886      0.999999702    
   1.57999885      0.999957681    
   1.58999884      0.999815643    
   1.59999883      0.999573648    
   1.60999882      0.999231696    
   1.61999881      0.998789787    
   1.62999880      0.998248041    
   1.63999879      0.997606456    
   1.64999878      0.996865153    
   1.65999877      0.996024072    
   1.66999876      0.995083451    
   1.67999876      0.994043350    
   1.68999875      0.992903829    
   1.69999874      0.991664946    
   1.70999873      0.990327001    
   1.71999872      0.988889933    
   1.72999871      0.987354040    
   1.73999870      0.985719383    
   1.74999869      0.983986199    
   1.75999868      0.982154548    
   1.76999867      0.980224729    
   1.77999866      0.978196859    
   1.78999865      0.976071239    
   1.79999864      0.973847926    
   1.80999863      0.971527278    
   1.81999862      0.969109476    
   1.82999861      0.966594756    
   1.83999860      0.963983357    
   1.84999859      0.961275578    
   1.85999858      0.958471715    
   1.86999857      0.955571949    
   1.87999856      0.952576637    
   1.88999856      0.949486077    
   1.89999855      0.946300566    
   1.90999854      0.943020403    
   1.91999853      0.939646006    
   1.92999852      0.936177552    
   1.93999851      0.932615578    
   1.94999850      0.928960264    
   1.95999849      0.925212085    
   1.96999848      0.921371400    
   1.97999847      0.917438567    
   1.98999846      0.913414001    
   1.99999845      0.909298062    
   2.00999856      0.905091166    
   2.01999855      0.900793850    
   2.02999854      0.896406412    
   2.03999853      0.891929328    
   2.04999852      0.887363076    
   2.05999851      0.882708073    
   2.06999850      0.877964795    
   2.07999849      0.873133719    
   2.08999848      0.868215322    
   2.09999847      0.863210142    
   2.10999846      0.858118594    
   2.11999846      0.852941275    
   2.12999845      0.847678661    
   2.13999844      0.842331290    
   2.14999843      0.836899638    
   2.15999842      0.831384361    
   2.16999841      0.825785875    
   2.17999840      0.820104837    
   2.18999839      0.814341843    
   2.19999838      0.808497369    
   2.20999837      0.802572012    
   2.21999836      0.796566486    
   2.22999835      0.790481210    
   2.23999834      0.784316957    
   2.24999833      0.778074265    
   2.25999832      0.771753728    
   2.26999831      0.765356064    
   2.27999830      0.758881807    
   2.28999829      0.752331674    
   2.29999828      0.745706379    
   2.30999827      0.739006460    
   2.31999826      0.732232630    
   2.32999825      0.725385606    
   2.33999825      0.718465984    
   2.34999824      0.711474597    
   2.35999823      0.704412043    
   2.36999822      0.697279036    
   2.37999821      0.690076292    
   2.38999820      0.682804525    
   2.39999819      0.675464511    
   2.40999818      0.668056965    
   2.41999817      0.660582602    
   2.42999816      0.653042138    
   2.43999815      0.645436406    
   2.44999814      0.637766123    
   2.45999813      0.630032063    
   2.46999812      0.622235000    
   2.47999811      0.614375770    
   2.48999810      0.606455028    
   2.49999809      0.598473668    
   2.50999808      0.590432465    
   2.51999807      0.582332194    
   2.52999806      0.574173748    
   2.53999805      0.565957844    
   2.54999804      0.557685316    
   2.55999804      0.549357057    
   2.56999803      0.540973902    
   2.57999802      0.532536566    
   2.58999801      0.524046063    
   2.59999800      0.515503109    
   2.60999799      0.506908596    
   2.61999798      0.498263389    
   2.62999797      0.489568383    
   2.63999796      0.480824411    
   2.64999795      0.472032338    
   2.65999794      0.463193089    
   2.66999793      0.454307526    
   2.67999792      0.445376515    
   2.68999791      0.436400950    
   2.69999790      0.427381784    
   2.70999789      0.418319851    
   2.71999788      0.409216106    
   2.72999787      0.400071412    
   2.73999786      0.390886754    
   2.74999785      0.381662965    
   2.75999784      0.372401029    
   2.76999784      0.363101870    
   2.77999783      0.353766382    
   2.78999782      0.344395518    
   2.79999781      0.334990203    
   2.80999780      0.325551420    
   2.81999779      0.316080064    
   2.82999778      0.306577116    
   2.83999777      0.297043473    
   2.84999776      0.287480146    
   2.85999775      0.277888089    
   2.86999774      0.268268228    
   2.87999773      0.258621544    
   2.88999772      0.248948991    
   2.89999771      0.239251554    
   2.90999770      0.229530185    
   2.91999769      0.219785869    
   2.92999768      0.210019559    
   2.93999767      0.200232267    
   2.94999766      0.190424949    
   2.95999765      0.180598572    
   2.96999764      0.170754150    
   2.97999763      0.160892650    
   2.98999763      0.151015058    
   2.99999762      0.141122371    
   3.00999761      0.131215572    
   3.01999760      0.121295638    
   3.02999759      0.111363590    
   3.03999758      0.101420395    
   3.04999757       9.14670676E-02
   3.05999756       8.15045834E-02
   3.06999755       7.15339556E-02
   3.07999754       6.15561716E-02
   3.08999753       5.15722334E-02
   3.09999752       4.15831394E-02
   3.10999751       3.15898880E-02
   3.11999750       2.15934739E-02
   3.12999749       1.15949018E-02
   3.13999748       1.59517059E-03
   3.14999747      -8.40472057E-03
   3.15999746      -1.84037704E-02
   3.16999745      -2.84009799E-02
   3.17999744      -3.83953489E-02
   3.18999743      -4.83858809E-02
   3.19999743      -5.83715737E-02
   3.20999742      -6.83514252E-02
   3.21999741      -7.83244446E-02
   3.22999740      -8.82896334E-02
   3.23999739      -9.82459933E-02
   3.24999738     -0.108192526    
   3.25999737     -0.118128240    
   3.26999736     -0.128052145    
   3.27999735     -0.137963235    
   3.28999734     -0.147860542    
   3.29999733     -0.157743052    
   3.30999732     -0.167609796    
   3.31999731     -0.177459776    
   3.32999730     -0.187292010    
   3.33999729     -0.197105512    
   3.34999728     -0.206899315    
   3.35999727     -0.216672421    
   3.36999726     -0.226423860    
   3.37999725     -0.236152649    
   3.38999724     -0.245857835    
   3.39999723     -0.255538434    
   3.40999722     -0.265193462    
   3.41999722     -0.274821997    
   3.42999721     -0.284423023    
   3.43999720     -0.293995619    
   3.44999719     -0.303538829    
   3.45999718     -0.313051671    
   3.46999717     -0.322533220    
   3.47999716     -0.331982523    
   3.48999715     -0.341398597    
   3.49999714     -0.350780547    
   3.50999713     -0.360127419    
   3.51999712     -0.369438291    
   3.52999711     -0.378712207    
   3.53999710     -0.387948245    
   3.54999709     -0.397145510    
   3.55999708     -0.406303048    
   3.56999707     -0.415419936    
   3.57999706     -0.424495310    
   3.58999705     -0.433528215    
   3.59999704     -0.442517787    
   3.60999703     -0.451463103    
   3.61999702     -0.460363269    
   3.62999701     -0.469217390    
   3.63999701     -0.478024602    
   3.64999700     -0.486784011    
   3.65999699     -0.495494753    
   3.66999698     -0.504155934    
   3.67999697     -0.512766719    
   3.68999696     -0.521326184    
   3.69999695     -0.529833555    
   3.70999694     -0.538287938    
   3.71999693     -0.546688497    
   3.72999692     -0.555034339    
   3.73999691     -0.563324749    
   3.74999690     -0.571558774    
   3.75999689     -0.579735637    
   3.76999688     -0.587854564    
   3.77999687     -0.595914721    
   3.78999686     -0.603915274    
   3.79999685     -0.611855388    
   3.80999684     -0.619734347    
   3.81999683     -0.627551377    
   3.82999682     -0.635305583    
   3.83999681     -0.642996311    
   3.84999681     -0.650622725    
   3.85999680     -0.658184052    
   3.86999679     -0.665679574    
   3.87999678     -0.673108578    
   3.88999677     -0.680470228    
   3.89999676     -0.687763810    
   3.90999675     -0.694988608    
   3.91999674     -0.702143967    
   3.92999673     -0.709229112    
   3.93999672     -0.716243267    
   3.94999671     -0.723185837    
   3.95999670     -0.730056107    
   3.96999669     -0.736853361    
   3.97999668     -0.743576944    
   3.98999667     -0.750226140    
   3.99999666     -0.756800294    
   4.00999689     -0.763298988    
   4.01999712     -0.769721329    
   4.02999735     -0.776066661    
   4.03999758     -0.782334387    
   4.04999781     -0.788523912    
   4.05999804     -0.794634581    
   4.06999826     -0.800665736    
   4.07999849     -0.806616843    
   4.08999872     -0.812487304    
   4.09999895     -0.818276525    
   4.10999918     -0.823983848    
   4.11999941     -0.829608858    
   4.12999964     -0.835150838    
   4.13999987     -0.840609312    
   4.15000010     -0.845983744    
   4.16000032     -0.851273596    
   4.17000055     -0.856478274    
   4.18000078     -0.861597300    
   4.19000101     -0.866630197    
   4.20000124     -0.871576369    
   4.21000147     -0.876435399    
   4.22000170     -0.881206810    
   4.23000193     -0.885890126    
   4.24000216     -0.890484810    
   4.25000238     -0.894990444    
   4.26000261     -0.899406552    
   4.27000284     -0.903732717    
   4.28000307     -0.907968521    
   4.29000330     -0.912113547    
   4.30000353     -0.916167378    
   4.31000376     -0.920129538    
   4.32000399     -0.923999667    
   4.33000422     -0.927777410    
   4.34000444     -0.931462407    
   4.35000467     -0.935054243    
   4.36000490     -0.938552558    
   4.37000513     -0.941956997    
   4.38000536     -0.945267260    
   4.39000559     -0.948482990    
   4.40000582     -0.951603889    
   4.41000605     -0.954629600    
   4.42000628     -0.957559824    
   4.43000650     -0.960394323    
   4.44000673     -0.963132739    
   4.45000696     -0.965774894    
   4.46000719     -0.968320429    
   4.47000742     -0.970769107    
   4.48000765     -0.973120749    
   4.49000788     -0.975375056    
   4.50000811     -0.977531850    
   4.51000834     -0.979590833    
   4.52000856     -0.981551886    
   4.53000879     -0.983414769    
   4.54000902     -0.985179305    
   4.55000925     -0.986845374    
   4.56000948     -0.988412678    
   4.57000971     -0.989881158    
   4.58000994     -0.991250694    
   4.59001017     -0.992521048    
   4.60001040     -0.993692160    
   4.61001062     -0.994763911    
   4.62001085     -0.995736182    
   4.63001108     -0.996608853    
   4.64001131     -0.997381866    
   4.65001154     -0.998055160    
   4.66001177     -0.998628616    
   4.67001200     -0.999102235    
   4.68001223     -0.999475896    
   4.69001245     -0.999749660    
   4.70001268     -0.999923408    
   4.71001291     -0.999997199    
   4.72001314     -0.999970913    
   4.73001337     -0.999844670    
   4.74001360     -0.999618471    
   4.75001383     -0.999292254    
   4.76001406     -0.998866141    
   4.77001429     -0.998340130    
   4.78001451     -0.997714281    
   4.79001474     -0.996988654    
   4.80001497     -0.996163309    
   4.81001520     -0.995238364    
   4.82001543     -0.994213879    
   4.83001566     -0.993089974    
   4.84001589     -0.991866708    
   4.85001612     -0.990544319    
   4.86001635     -0.989122868    
   4.87001657     -0.987602472    
   4.88001680     -0.985983312    
   4.89001703     -0.984265566    
   4.90001726     -0.982449412    
   4.91001749     -0.980534971    
   4.92001772     -0.978522480    
   4.93001795     -0.976412117    
   4.94001818     -0.974204123    
   4.95001841     -0.971898735    
   4.96001863     -0.969496131    
   4.97001886     -0.966996551    
   4.98001909     -0.964400291    
   4.99001932     -0.961707592    
   5.00001955     -0.958918750    
   5.01001978     -0.956033945    
   5.02002001     -0.953053594    
   5.03002024     -0.949977875    
   5.04002047     -0.946807206    
   5.05002069     -0.943541825    
   5.06002092     -0.940182090    
   5.07002115     -0.936728299    
   5.08002138     -0.933180869    
   5.09002161     -0.929540157    
   5.10002184     -0.925806403    
   5.11002207     -0.921980143    
   5.12002230     -0.918061614    
   5.13002253     -0.914051354    
   5.14002275     -0.909949601    
   5.15002298     -0.905756891    
   5.16002321     -0.901473582    
   5.17002344     -0.897100151    
   5.18002367     -0.892637014    
   5.19002390     -0.888084590    
   5.20002413     -0.883443356    
   5.21002436     -0.878713787    
   5.22002459     -0.873896301    
   5.23002481     -0.868991435    
   5.24002504     -0.863999724    
   5.25002527     -0.858921528    
   5.26002550     -0.853757501    
   5.27002573     -0.848508060    
   5.28002596     -0.843173802    
   5.29002619     -0.837755203    
   5.30002642     -0.832252800    
   5.31002665     -0.826667190    
   5.32002687     -0.820998907    
   5.33002710     -0.815248489    
   5.34002733     -0.809416592    
   5.35002756     -0.803503752    
   5.36002779     -0.797510564    
   5.37002802     -0.791437566    
   5.38002825     -0.785285473    
   5.39002848     -0.779054821    
   5.40002871     -0.772746265    
   5.41002893     -0.766360462    
   5.42002916     -0.759897947    
   5.43002939     -0.753359497    
   5.44002962     -0.746745706    
   5.45002985     -0.740057230    
   5.46003008     -0.733294725    
   5.47003031     -0.726458907    
   5.48003054     -0.719550490    
   5.49003077     -0.712570071    
   5.50003099     -0.705518365    
   5.51003122     -0.698396146    
   5.52003145     -0.691204071    
   5.53003168     -0.683942854    
   5.54003191     -0.676613271    
   5.55003214     -0.669215977    
   5.56003237     -0.661751807    
   5.57003260     -0.654221416    
   5.58003283     -0.646625638    
   5.59003305     -0.638965189    
   5.60003328     -0.631240845    
   5.61003351     -0.623453319    
   5.62003374     -0.615603507    
   5.63003397     -0.607692122    
   5.64003420     -0.599719942    
   5.65003443     -0.591687799    
   5.66003466     -0.583596528    
   5.67003489     -0.575446844    
   5.68003511     -0.567239642    
   5.69003534     -0.558975697    
   5.70003557     -0.550655842    
   5.71003580     -0.542280912    
   5.72003603     -0.533851802    
   5.73003626     -0.525369287    
   5.74003649     -0.516834199    
   5.75003672     -0.508247435    
   5.76003695     -0.499609888    
   5.77003717     -0.490922332    
   5.78003740     -0.482185692    
   5.79003763     -0.473400861    
   5.80003786     -0.464568645    
   5.81003809     -0.455689996    
   5.82003832     -0.446765780    
   5.83003855     -0.437796861    
   5.84003878     -0.428784192    
   5.85003901     -0.419728607    
   5.86003923     -0.410631061    
   5.87003946     -0.401492476    
   5.88003969     -0.392313719    
   5.89003992     -0.383095711    
   5.90004015     -0.373839438    
   5.91004038     -0.364545733    
   5.92004061     -0.355215609    
   5.93004084     -0.345849931    
   5.94004107     -0.336449683    
   5.95004129     -0.327015787    
   5.96004152     -0.317549199    
   5.97004175     -0.308050841    
   5.98004198     -0.298521668    
   5.99004221     -0.288962662    
   6.00004244     -0.279374748    
   6.01004267     -0.269758910    
   6.02004290     -0.260116071    
   6.03004313     -0.250447243    
   6.04004335     -0.240753353    
   6.05004358     -0.231035382    
   6.06004381     -0.221294314    
   6.07004404     -0.211531118    
   6.08004427     -0.201746777    
   6.09004450     -0.191942245    
   6.10004473     -0.182118520    
   6.11004496     -0.172276586    
   6.12004519     -0.162417427    
   6.13004541     -0.152542025    
   6.14004564     -0.142651364    
   6.15004587     -0.132746443    
   6.16004610     -0.122828245    
   6.17004633     -0.112897761    
   6.18004656     -0.102955990    
   6.19004679      -9.30039212E-02
   6.20004702      -8.30425471E-02
   6.21004725      -7.30728731E-02
   6.22004747      -6.30958900E-02
   6.23004770      -5.31126000E-02
   6.24004793      -4.31239977E-02
   6.25004816      -3.31310816E-02
   6.26004839      -2.31348537E-02
   6.27004862      -1.31363114E-02
   6.28004885      -3.13645485E-03
   6.29004908       6.86371513E-03
   6.30004930       1.68631990E-02
   6.31004953       2.68609952E-02
   6.32004976       3.68561074E-02
   6.33004999       4.68475297E-02
   6.34005022       5.68342730E-02
   6.35005045       6.68153316E-02
   6.36005068       7.67896995E-02
   6.37005091       8.67564008E-02
   6.38005114       9.67144147E-02
   6.39005136      0.106662765    
   6.40005159      0.116600446    
   6.41005182      0.126526475    
   6.42005205      0.136439830    
   6.43005228      0.146339566    
   6.44005251      0.156224653    
   6.45005274      0.166094109    
   6.46005297      0.175946966    
   6.47005320      0.185782224    
   6.48005342      0.195598915    
   6.49005365      0.205396026    
   6.50005388      0.215172604    
   6.51005411      0.224927679    
   6.52005434      0.234660238    
   6.53005457      0.244369343    
   6.54005480      0.254054010    
   6.55005503      0.263713270    
   6.56005526      0.273346156    
   6.57005548      0.282951683    
   6.58005571      0.292528957    
   6.59005594      0.302076936    
   6.60005617      0.311594754    
   6.61005640      0.321081370    
   6.62005663      0.330535889    
   6.63005686      0.339957356    
   6.64005709      0.349344820    
   6.65005732      0.358697355    
   6.66005754      0.368014008    
   6.67005777      0.377293885    
   6.68005800      0.386536002    
   6.69005823      0.395739466    
   6.70005846      0.404903382    
   6.71005869      0.414026767    
   6.72005892      0.423108786    
   6.73005915      0.432148457    
   6.74005938      0.441144943    
   6.75005960      0.450097293    
   6.76005983      0.459004641    
   6.77006006      0.467866093    
   6.78006029      0.476680756    
   6.79006052      0.485447735    
   6.80006075      0.494166166    
   6.81006098      0.502835155    
   6.82006121      0.511453927    
   6.83006144      0.520021498    
   6.84006166      0.528537095    
   6.85006189      0.536999822    
   6.86006212      0.545408845    
   6.87006235      0.553763330    
   6.88006258      0.562062442    
   6.89006281      0.570305347    
   6.90006304      0.578491211    
   6.91006327      0.586619198    
   6.92006350      0.594688535    
   6.93006372      0.602698445    
   6.94006395      0.610648036    
   6.95006418      0.618536592    
   6.96006441      0.626363218    
   6.97006464      0.634127259    
   6.98006487      0.641827941    
   6.99006510      0.649464369    
   7.00006533      0.657035828    
   7.01006556      0.664541662    
   7.02006578      0.671980977    
   7.03006601      0.679353118    
   7.04006624      0.686657310    
   7.05006647      0.693892837    
   7.06006670      0.701058924    
   7.07006693      0.708154976    
   7.08006716      0.715180159    
   7.09006739      0.722133875    
   7.10006762      0.729015350    
   7.11006784      0.735823870    
   7.12006807      0.742558897    
   7.13006830      0.749219596    
   7.14006853      0.755805373    
   7.15006876      0.762315571    
   7.16006899      0.768749595    
   7.17006922      0.775106668    
   7.18006945      0.781386256    
   7.19006968      0.787587702    
   7.20006990      0.793710411    
   7.21007013      0.799753726    
   7.22007036      0.805717051    
   7.23007059      0.811599791    
   7.24007082      0.817401350    
   7.25007105      0.823121250    
   7.26007128      0.828758776    
   7.27007151      0.834313393    
   7.28007174      0.839784622    
   7.29007196      0.845171869    
   7.30007219      0.850474596    
   7.31007242      0.855692267    
   7.32007265      0.860824347    
   7.33007288      0.865870357    
   7.34007311      0.870829821    
   7.35007334      0.875702143    
   7.36007357      0.880486906    
   7.37007380      0.885183573    
   7.38007402      0.889791787    
   7.39007425      0.894311011    
   7.40007448      0.898740768    
   7.41007471      0.903080642    
   7.42007494      0.907330215    
   7.43007517      0.911489069    
   7.44007540      0.915556788    
   7.45007563      0.919532895    
   7.46007586      0.923417091    
   7.47007608      0.927208900    
   7.48007631      0.930908024    
   7.49007654      0.934514046    
   7.50007677      0.938026607    
   7.51007700      0.941445351    
   7.52007723      0.944769919    
   7.53007746      0.948000073    
   7.54007769      0.951135397    
   7.55007792      0.954175591    
   7.56007814      0.957120359    
   7.57007837      0.959969461    
   7.58007860      0.962722480    
   7.59007883      0.965379298    
   7.60007906      0.967939556    
   7.61007929      0.970402956    
   7.62007952      0.972769380    
   7.63007975      0.975038528    
   7.64007998      0.977210104    
   7.65008020      0.979284048    
   7.66008043      0.981260002    
   7.67008066      0.983137846    
   7.68008089      0.984917343    
   7.69008112      0.986598372    
   7.70008135      0.988180697    
   7.71008158      0.989664257    
   7.72008181      0.991048813    
   7.73008204      0.992334247    
   7.74008226      0.993520498    
   7.75008249      0.994607329    
   7.76008272      0.995594740    
   7.77008295      0.996482551    
   7.78008318      0.997270763    
   7.79008341      0.997959197    
   7.80008364      0.998547852    
   7.81008387      0.999036670    
   7.82008410      0.999425530    
   7.83008432      0.999714494    
   7.84008455      0.999903440    
   7.85008478      0.999992430    
   7.86008501      0.999981403    
   7.87008524      0.999870360    
   7.88008547      0.999659300    
   7.89008570      0.999348342    
   7.90008593      0.998937368    
   7.91008615      0.998426557    
   7.92008638      0.997815847    
   7.93008661      0.997105420    
   7.94008684      0.996295214    
   7.95008707      0.995385408    
   7.96008730      0.994376063    
   7.97008753      0.993267298    
   7.98008776      0.992059171    
   7.99008799      0.990751803    
   8.00008774      0.989345491    
   8.01008797      0.987840116    
   8.02008820      0.986235976    
   8.03008842      0.984533250    
   8.04008865      0.982731998    
   8.05008888      0.980832517    
   8.06008911      0.978834927    
   8.07008934      0.976739466    
   8.08008957      0.974546313    
   8.09008980      0.972255707    
   8.10009003      0.969867885    
   8.11009026      0.967383027    
   8.12009048      0.964801490    
   8.13009071      0.962123454    
   8.14009094      0.959349155    
   8.15009117      0.956478953    
   8.16009140      0.953513086    
   8.17009163      0.950451910    
   8.18009186      0.947295666    
   8.19009209      0.944044650    
   8.20009232      0.940699220    
   8.21009254      0.937259793    
   8.22009277      0.933726549    
   8.23009300      0.930099964    
   8.24009323      0.926380396    
   8.25009346      0.922568142    
   8.26009369      0.918663681    
   8.27009392      0.914667308    
   8.28009415      0.910579443    
   8.29009438      0.906400561    
   8.30009460      0.902131021    
   8.31009483      0.897771239    
   8.32009506      0.893321753    
   8.33009529      0.888782859    
   8.34009552      0.884155095    
   8.35009575      0.879438937    
   8.36009598      0.874634802    
   8.37009621      0.869743228    
   8.38009644      0.864764631    
   8.39009666      0.859699607    
   8.40009689      0.854548573    
   8.41009712      0.849312127    
   8.42009735      0.843990684    
   8.43009758      0.838584900    
   8.44009781      0.833095193    
   8.45009804      0.827522218    
   8.46009827      0.821866512    
   8.47009850      0.816128552    
   8.48009872      0.810308993    
   8.49009895      0.804408431    
   8.50009918      0.798427403    
   8.51009941      0.792366505    
   8.52009964      0.786226392    
   8.53009987      0.780007660    
   8.54010010      0.773710966    
   8.55010033      0.767336845    
   8.56010056      0.760885954    
   8.57010078      0.754359007    
   8.58010101      0.747756660    
   8.59010124      0.741079509    
   8.60010147      0.734328210    
   8.61010170      0.727503538    
   8.62010193      0.720606089    
   8.63010216      0.713636518    
   8.64010239      0.706595659    
   8.65010262      0.699484110    
   8.66010284      0.692302585    
   8.67010307      0.685051858    
   8.68010330      0.677732646    
   8.69010353      0.670345604    
   8.70010376      0.662891567    
   8.71010399      0.655371189    
   8.72010422      0.647785306    
   8.73010445      0.640134633    
   8.74010468      0.632419944    
   8.75010490      0.624642015    
   8.76010513      0.616801620    
   8.77010536      0.608899593    
   8.78010559      0.600936592    
   8.79010582      0.592913508    
   8.80010605      0.584831178    
   8.81010628      0.576690316    
   8.82010651      0.568491817    
   8.83010674      0.560236454    
   8.84010696      0.551925063    
   8.85010719      0.543558478    
   8.86010742      0.535137534    
   8.87010765      0.526663065    
   8.88010788      0.518135965    
   8.89010811      0.509557009    
   8.90010834      0.500927091    
   8.91010857      0.492247105    
   8.92010880      0.483517885    
   8.93010902      0.474740297    
   8.94010925      0.465915233    
   8.95010948      0.457043588    
   8.96010971      0.448126256    
   8.97010994      0.439164072    
   8.98011017      0.430157989    
   8.99011040      0.421108902    
   9.00011063      0.412017673    
   9.01011086      0.402885258    
   9.02011108      0.393712550    
   9.03011131      0.384500474    
   9.04011154      0.375249952    
   9.05011177      0.365961909    
   9.06011200      0.356637239    
   9.07011223      0.347276926    
   9.08011246      0.337881863    
   9.09011269      0.328453034    
   9.10011292      0.318991363    
   9.11011314      0.309497774    
   9.12011337      0.299973220    
   9.13011360      0.290418684    
   9.14011383      0.280835122    
   9.15011406      0.271223456    
   9.16011429      0.261584669    
   9.17011452      0.251919717    
   9.18011475      0.242229581    
   9.19011497      0.232515216    
   9.20011520      0.222777605    
   9.21011543      0.213017717    
   9.22011566      0.203236520    
   9.23011589      0.193434998    
   9.24011612      0.183614135    
   9.25011635      0.173774913    
   9.26011658      0.163918301    
   9.27011681      0.154045314    
   9.28011703      0.144156903    
   9.29011726      0.134254083    
   9.30011749      0.124337845    
   9.31011772      0.114409164    
   9.32011795      0.104469046    
   9.33011818       9.45184752E-02
   9.34011841       8.45584571E-02
   9.35011864       7.45899826E-02
   9.36011887       6.46140501E-02
   9.37011909       5.46316542E-02
   9.38011932       4.46437933E-02
   9.39011955       3.46514694E-02
   9.40011978       2.46556811E-02
   9.41012001       1.46574257E-02
   9.42012024       4.65770485E-03
   9.43012047      -5.34248212E-03
   9.44012070      -1.53421341E-02
   9.45012093      -2.53402516E-02
   9.46012115      -3.53358351E-02
   9.47012138      -4.53278869E-02
   9.48012161      -5.53154051E-02
   9.49012184      -6.52973875E-02
   9.50012207      -7.52728432E-02
   9.51012230      -8.52407739E-02
   9.52012253      -9.52001736E-02
   9.53012276     -0.105150059    
   9.54012299     -0.115089431    
   9.55012321     -0.125017285    
   9.56012344     -0.134932637    
   9.57012367     -0.144834504    
   9.58012390     -0.154721886    
   9.59012413     -0.164593786    
   9.60012436     -0.174449235    
   9.61012459     -0.184287235    
   9.62012482     -0.194106802    
   9.63012505     -0.203906968    
   9.64012527     -0.213686734    
   9.65012550     -0.223445132    
   9.66012573     -0.233181179    
   9.67012596     -0.242893919    
   9.68012619     -0.252582371    
   9.69012642     -0.262245536    
   9.70012665     -0.271882504    
   9.71012688     -0.281492263    
   9.72012711     -0.291073889    
   9.73012733     -0.300626397    
   9.74012756     -0.310148865    
   9.75012779     -0.319640279    
   9.76012802     -0.329099745    
   9.77012825     -0.338526309    
   9.78012848     -0.347919017    
   9.79012871     -0.357276917    
   9.80012894     -0.366599083    
   9.81012917     -0.375884622    
   9.82012939     -0.385132551    
   9.83012962     -0.394341946    
   9.84012985     -0.403511941    
   9.85013008     -0.412641555    
   9.86013031     -0.421729922    
   9.87013054     -0.430776089    
   9.88013077     -0.439779192    
   9.89013100     -0.448738337    
   9.90013123     -0.457652569    
   9.91013145     -0.466521055    
   9.92013168     -0.475342900    
   9.93013191     -0.484117180    
   9.94013214     -0.492843062    
   9.95013237     -0.501519620    
   9.96013260     -0.510146081    
   9.97013283     -0.518721521    
   9.98013306     -0.527245045    
   9.99013329     -0.535715878    
   10.0001335     -0.544133127    
   10.0101337     -0.552495956    
   10.0201340     -0.560803533    
   10.0301342     -0.569055021    
   10.0401344     -0.577249646    
   10.0501347     -0.585386515    
   10.0601349     -0.593464851    
   10.0701351     -0.601483822    
   10.0801353     -0.609442651    
   10.0901356     -0.617340505    
   10.1001358     -0.625176668    
   10.1101360     -0.632950246    
   10.1201363     -0.640660584    
   10.1301365     -0.648306847    
   10.1401367     -0.655888259    
   10.1501369     -0.663404107    
   10.1601372     -0.670853615    
   10.1701374     -0.678236008    
   10.1801376     -0.685550570    
   10.1901379     -0.692796588    
   10.2001381     -0.699973285    
   10.2101383     -0.707080066    
   10.2201385     -0.714116096    
   10.2301388     -0.721080661    
   10.2401390     -0.727973163    
   10.2501392     -0.734792888    
   10.2601395     -0.741539121    
   10.2701397     -0.748211145    
   10.2801399     -0.754808366    
   10.2901402     -0.761330128    
   10.3001404     -0.767775774    
   10.3101406     -0.774144590    
   10.3201408     -0.780436039    
   10.3301411     -0.786649406    
   10.3401413     -0.792784095    
   10.3501415     -0.798839509    
   10.3601418     -0.804815054    
   10.3701420     -0.810710132    
   10.3801422     -0.816524088    
   10.3901424     -0.822256386    
   10.4001427     -0.827906489    
   10.4101429     -0.833473802    
   10.4201431     -0.838957727    
   10.4301434     -0.844357789    
   10.4401436     -0.849673390    
   10.4501438     -0.854904056    
   10.4601440     -0.860049188    
   10.4701443     -0.865108311    
   10.4801445     -0.870080948    
   10.4901447     -0.874966562    
   10.5001450     -0.879764676    
   10.5101452     -0.884474814    
   10.5201454     -0.889096498    
   10.5301456     -0.893629253    
   10.5401459     -0.898072660    
   10.5501461     -0.902426243    
   10.5601463     -0.906689644    
   10.5701466     -0.910862267    
   10.5801468     -0.914943874    
   10.5901470     -0.918933988    
   10.6001472     -0.922832131    
   10.6101475     -0.926638067    
   10.6201477     -0.930351317    
   10.6301479     -0.933971465    
   10.6401482     -0.937498271    
   10.6501484     -0.940931320    
   10.6601486     -0.944270253    
   10.6701488     -0.947514772    
   10.6801491     -0.950664580    
   10.6901493     -0.953719258    
   10.7001495     -0.956678569    
   10.7101498     -0.959542215    
   10.7201500     -0.962309897    
   10.7301502     -0.964981377    
   10.7401505     -0.967556298    
   10.7501507     -0.970034480    
   10.7601509     -0.972415686    
   10.7701511     -0.974699616    
   10.7801514     -0.976886094    
   10.7901516     -0.978974879    
   10.8001518     -0.980965734    
   10.8101521     -0.982858479    
   10.8201523     -0.984652996    
   10.8301525     -0.986348987    
   10.8401527     -0.987946391    
   10.8501530     -0.989444911    
   10.8601532     -0.990844548    
   10.8701534     -0.992145121    
   10.8801537     -0.993346453    
   10.8901539     -0.994448423    
   10.9001541     -0.995450974    
   10.9101543     -0.996353924    
   10.9201546     -0.997157276    
   10.9301548     -0.997860909    
   10.9401550     -0.998464763    
   10.9501553     -0.998968720    
   10.9601555     -0.999372840    
   10.9701557     -0.999676943    
   10.9801559     -0.999881148    
   10.9901562     -0.999985337    
   11.0001564     -0.999989510    
   11.0101566     -0.999893665    
   11.0201569     -0.999697864    
   11.0301571     -0.999402046    
   11.0401573     -0.999006331    
   11.0501575     -0.998510718    
   11.0601578     -0.997915208    
   11.0701580     -0.997219920    
   11.0801582     -0.996424913    
   11.0901585     -0.995530248    
   11.1001587     -0.994536042    
   11.1101589     -0.993442357    
   11.1201591     -0.992249310    
   11.1301594     -0.990957081    
   11.1401596     -0.989565730    
   11.1501598     -0.988075435    
   11.1601601     -0.986486316    
   11.1701603     -0.984798551    
   11.1801605     -0.983012259    
   11.1901608     -0.981127739    
   11.2001610     -0.979145050    
   11.2101612     -0.977064431    
   11.2201614     -0.974886119    
   11.2301617     -0.972610354    
   11.2401619     -0.970237255    
   11.2501621     -0.967767179    
   11.2601624     -0.965200305    
   11.2701626     -0.962536931    
   11.2801628     -0.959777236    
   11.2901630     -0.956921637    
   11.3001633     -0.953970313    
   11.3101635     -0.950923562    
   11.3201637     -0.947781742    
   11.3301640     -0.944545150    
   11.3401642     -0.941214085    
   11.3501644     -0.937788904    
   11.3601646     -0.934269905    
   11.3701649     -0.930657506    
   11.3801651     -0.926952004    
   11.3901653     -0.923153877    
   11.4001656     -0.919263363    
   11.4101658     -0.915280938    
   11.4201660     -0.911207020    
   11.4301662     -0.907041907    
   11.4401665     -0.902786136    
   11.4501667     -0.898440063    
   11.4601669     -0.894004166    
   11.4701672     -0.889478862    
   11.4801674     -0.884864569    
   11.4901676     -0.880161822    
   11.5001678     -0.875371039    
   11.5101681     -0.870492697    
   11.5201683     -0.865527332    
   11.5301685     -0.860475421    
   11.5401688     -0.855337441    
   11.5501690     -0.850113928    
   11.5601692     -0.844805419    
   11.5701694     -0.839412391    
   11.5801697     -0.833935440    
   11.5901699     -0.828375101    
   11.6001701     -0.822731912    
   11.6101704     -0.817006409    
   11.6201706     -0.811199248    
   11.6301708     -0.805310965    
   11.6401711     -0.799342155    
   11.6501713     -0.793293357    
   11.6601715     -0.787165284    
   11.6701717     -0.780958414    
   11.6801720     -0.774673522    
   11.6901722     -0.768311143    
   11.7001724     -0.761871934    
   11.7101727     -0.755356491    
   11.7201729     -0.748765528    
   11.7301731     -0.742099702    
   11.7401733     -0.735359669    
   11.7501736     -0.728546083    
   11.7601738     -0.721659660    
   11.7701740     -0.714701056    
   11.7801743     -0.707670987    
   11.7901745     -0.700570107    
   11.8001747     -0.693399191    
   11.8101749     -0.686158955    
   11.8201752     -0.678850055    
   11.8301754     -0.671473324    
   11.8401756     -0.664029419    
   11.8501759     -0.656519115    
   11.8601761     -0.648943126    
   11.8701763     -0.641302288    
   11.8801765     -0.633597255    
   11.8901768     -0.625828922    
   11.9001770     -0.617997944    
   11.9101772     -0.610105217    
   11.9201775     -0.602151453    
   11.9301777     -0.594137490    
   11.9401779     -0.586064100    
   11.9501781     -0.577932060    
   11.9601784     -0.569742262    
   11.9701786     -0.561495543    
   11.9801788     -0.553192616    
   11.9901791     -0.544834316    
   12.0001793     -0.536421597    
   12.0101795     -0.527955234    
   12.0201797     -0.519436061    
   12.0301800     -0.510864973    
   12.0401802     -0.502242744    
   12.0501804     -0.493570298    
   12.0601807     -0.484848499    
   12.0701809     -0.476078242    
   12.0801811     -0.467260331    
   12.0901814     -0.458395720    
   12.1001816     -0.449485272    
   12.1101818     -0.440529853    
   12.1201820     -0.431530386    
   12.1301823     -0.422487795    
   12.1401825     -0.413402915    
   12.1501827     -0.404276699    
   12.1601830     -0.395110071    
   12.1701832     -0.385903925    
   12.1801834     -0.376659185    
   12.1901836     -0.367376775    
   12.2001839     -0.358057618    
   12.2101841     -0.348702669    
   12.2201843     -0.339312822    
   12.2301846     -0.329889059    
   12.2401848     -0.320432305    
   12.2501850     -0.310943514    
   12.2601852     -0.301423639    
   12.2701855     -0.291873604    
   12.2801857     -0.282294363    
   12.2901859     -0.272686929    
   12.3001862     -0.263052195    
   12.3101864     -0.253391176    
   12.3201866     -0.243704796    
   12.3301868     -0.233994052    
   12.3401871     -0.224259913    
   12.3501873     -0.214503348    
   12.3601875     -0.204725325    
   12.3701878     -0.194926843    
   12.3801880     -0.185108855    
   12.3901882     -0.175272360    
   12.4001884     -0.165418327    
   12.4101887     -0.155547768    
   12.4201889     -0.145661637    
   12.4301891     -0.135760948    
   12.4401894     -0.125846684    
   12.4501896     -0.115919828    
   12.4601898     -0.105981387    
   12.4701900      -9.60323438E-02
   12.4801903      -8.60736966E-02
   12.4901905      -7.61064440E-02
   12.5001907      -6.61315843E-02
   12.5101910      -5.61501049E-02
   12.5201912      -4.61630113E-02
   12.5301914      -3.61713022E-02
   12.5401917      -2.61759739E-02
   12.5501919      -1.61780287E-02
   12.5601921      -6.17846707E-03
   12.5701923       3.82171338E-03
   12.5801926       1.38215115E-02
   12.5901928       2.38199271E-02
   12.6001930       3.38159613E-02
   12.6101933       4.38086130E-02
   12.6201935       5.37968837E-02
   12.6301937       6.37797788E-02
   12.6401939       7.37562850E-02
   12.6501942       8.37254226E-02
   12.6601944       9.36861932E-02
   12.6701946      0.103637584    
   12.6801949      0.113578618    
   12.6901951      0.123508289    
   12.7001953      0.133425608    
   12.7101955      0.143329591    
   12.7201958      0.153219238    
   12.7301960      0.163093552    
   12.7401962      0.172951564    
   12.7501965      0.182792291    
   12.7601967      0.192614719    
   12.7701969      0.202417895    
   12.7801971      0.212200835    
   12.7901974      0.221962541    
   12.8001976      0.231702060    
   12.8101978      0.241418391    
   12.8201981      0.251110584    
   12.8301983      0.260777682    
   12.8401985      0.270418704    
   12.8501987      0.280032665    
   12.8601990      0.289618611    
   12.8701992      0.299175620    
   12.8801994      0.308702707    
   12.8901997      0.318198919    
   12.9001999      0.327663302    
   12.9102001      0.337094933    
   12.9202003      0.346492827    
   12.9302006      0.355856091    
   12.9402008      0.365183771    
   12.9502010      0.374474913    
   12.9602013      0.383728623    
   12.9702015      0.392943949    
   12.9802017      0.402119994    
   12.9902020      0.411255807    
   13.0002022      0.420350492    
   13.0102024      0.429403156    
   13.0202026      0.438412875    
   13.0302029      0.447378725    
   13.0402031      0.456299871    
   13.0502033      0.465175360    
   13.0602036      0.474004358    
   13.0702038      0.482785940    
   13.0802040      0.491519213    
   13.0902042      0.500203371    
   13.1002045      0.508837521    
   13.1102047      0.517420709    
   13.1202049      0.525952220    
   13.1302052      0.534431100    
   13.1402054      0.542856574    
   13.1502056      0.551227748    
   13.1602058      0.559543788    
   13.1702061      0.567803860    
   13.1802063      0.576007128    
   13.1902065      0.584152818    
   13.2002068      0.592240095    
   13.2102070      0.600268185    
   13.2202072      0.608236194    
   13.2302074      0.616143405    
   13.2402077      0.623988986    
   13.2502079      0.631772161    
   13.2602081      0.639492154    
   13.2702084      0.647148192    
   13.2802086      0.654739559    
   13.2902088      0.662265420    
   13.3002090      0.669725001    
   13.3102093      0.677117646    
   13.3202095      0.684442580    
   13.3302097      0.691699088    
   13.3402100      0.698886395    
   13.3502102      0.706003845    
   13.3602104      0.713050663    
   13.3702106      0.720026195    
   13.3802109      0.726929665    
   13.3902111      0.733760476    
   13.4002113      0.740517914    
   13.4102116      0.747201324    
   13.4202118      0.753809988    
   13.4302120      0.760343254    
   13.4402122      0.766800463    
   13.4502125      0.773181021    
   13.4602127      0.779484272    
   13.4702129      0.785709560    
   13.4802132      0.791856229    
   13.4902134      0.797923744    
   13.5002136      0.803911507    
   13.5102139      0.809818804    
   13.5202141      0.815645158    
   13.5302143      0.821389973    
   13.5402145      0.827052593    
   13.5502148      0.832632482    
   13.5602150      0.838129163    
   13.5702152      0.843542039    
   13.5802155      0.848870516    
   13.5902157      0.854114115    
   13.6002159      0.859272301    
   13.6102161      0.864344537    
   13.6202164      0.869330347    
   13.6302166      0.874229193    
   13.6402168      0.879040658    
   13.6502171      0.883764207    
   13.6602173      0.888399363    
   13.6702175      0.892945707    
   13.6802177      0.897402704    
   13.6902180      0.901769996    
   13.7002182      0.906047106    
   13.7102184      0.910233617    
   13.7202187      0.914329052    
   13.7302189      0.918333113    
   13.7402191      0.922245264    
   13.7502193      0.926065266    
   13.7602196      0.929792583    
   13.7702198      0.933426976    
   13.7802200      0.936967969    
   13.7902203      0.940415323    
   13.8002205      0.943768561    
   13.8102207      0.947027504    
   13.8202209      0.950191677    
   13.8302212      0.953260839    
   13.8402214      0.956234694    
   13.8502216      0.959112883    
   13.8602219      0.961895168    
   13.8702221      0.964581311    
   13.8802223      0.967170954    
   13.8902225      0.969663858    
   13.9002228      0.972059846    
   13.9102230      0.974358559    
   13.9202232      0.976559877    
   13.9302235      0.978663504    
   13.9402237      0.980669260    
   13.9502239      0.982576966    
   13.9602242      0.984386444    
   13.9702244      0.986097395    
   13.9802246      0.987709820    
   13.9902248      0.989223421    
   14.0002251      0.990638077    
   14.0102253      0.991953731    
   14.0202255      0.993170142    
   14.0302258      0.994287252    
   14.0402260      0.995304883    
   14.0502262      0.996223032    
   14.0602264      0.997041523    
   14.0702267      0.997760355    
   14.0802269      0.998379350    
   14.0902271      0.998898506    
   14.1002274      0.999317825    
   14.1102276      0.999637187    
   14.1202278      0.999856532    
   14.1302280      0.999975920    
   14.1402283      0.999995291    
   14.1502285      0.999914706    
   14.1602287      0.999734104    
   14.1702290      0.999453485    
   14.1802292      0.999072969    
   14.1902294      0.998592496    
   14.2002296      0.998012185    
   14.2102299      0.997332096    
   14.2202301      0.996552229    
   14.2302303      0.995672703    
   14.2402306      0.994693637    
   14.2502308      0.993615091    
   14.2602310      0.992437184    
   14.2702312      0.991159976    
   14.2802315      0.989783704    
   14.2902317      0.988308430    
   14.3002319      0.986734331    
   14.3102322      0.985061586    
   14.3202324      0.983290255    
   14.3302326      0.981420636    
   14.3402328      0.979452848    
   14.3502331      0.977387130    
   14.3602333      0.975223720    
   14.3702335      0.972962677    
   14.3802338      0.970604420    
   14.3902340      0.968149066    
   14.4002342      0.965596914    
   14.4102345      0.962948143    
   14.4202347      0.960203111    
   14.4302349      0.957362056    
   14.4402351      0.954425275    
   14.4502354      0.951393068    
   14.4602356      0.948265672    
   14.4702358      0.945043445    
   14.4802361      0.941726744    
   14.4902363      0.938315809    
   14.5002365      0.934811115    
   14.5102367      0.931212842    
   14.5202370      0.927521527    
   14.5302372      0.923737407    
   14.5402374      0.919860959    
   14.5502377      0.915892482    
   14.5602379      0.911832452    
   14.5702381      0.907681167    
   14.5802383      0.903439164    
   14.5902386      0.899106801    
   14.6002388      0.894684553    
   14.6102390      0.890172780    
   14.6202393      0.885572016    
   14.6302395      0.880882680    
   14.6402397      0.876105249    
   14.6502399      0.871240199    
   14.6602402      0.866288066    
   14.6702404      0.861249268    
   14.6802406      0.856124341    
   14.6902409      0.850913823    
   14.7002411      0.845618188    
   14.7102413      0.840237975    
   14.7202415      0.834773719    
   14.7302418      0.829226017    
   14.7402420      0.823595405    
   14.7502422      0.817882419    
   14.7602425      0.812087595    
   14.7702427      0.806211650    
   14.7802429      0.800255001    
   14.7902431      0.794218361    
   14.8002434      0.788102269    
   14.8102436      0.781907380    
   14.8202438      0.775634289    
   14.8302441      0.769283652    
   14.8402443      0.762856066    
   14.8502445      0.756352246    
   14.8602448      0.749772727    
   14.8702450      0.743118227    
   14.8802452      0.736389399    
   14.8902454      0.729586959    
   14.9002457      0.722711563    
   14.9102459      0.715763927    
   14.9202461      0.708744645    
   14.9302464      0.701654494    
   14.9402466      0.694494188    
   14.9502468      0.687264442    
   14.9602470      0.679965973    
   14.9702473      0.672599494    
   14.9802475      0.665165722    
   14.9902477      0.657665491    
   15.0002480      0.650099456    
   15.0102482      0.642468393    
   15.0202484      0.634773135    
   15.0302486      0.627014339    
   15.0402489      0.619192839    
   15.0502491      0.611309469    
   15.0602493      0.603364944    
   15.0702496      0.595360041    
   15.0802498      0.587295651    
   15.0902500      0.579172492    
   15.1002502      0.570991457    
   15.1102505      0.562753260    
   15.1202507      0.554458857    
   15.1302509      0.546108961    
   15.1402512      0.537704468    
   15.1502514      0.529246211    
   15.1602516      0.520734966    
   15.1702518      0.512171686    
   15.1802521      0.503557205    
   15.1902523      0.494892359    
   15.2002525      0.486178011    
   15.2102528      0.477415055    
   15.2202530      0.468604356    
   15.2302532      0.459746778    
   15.2402534      0.450843245    
   15.2502537      0.441894621    
   15.2602539      0.432901800    
   15.2702541      0.423865676    
   15.2802544      0.414787173    
   15.2902546      0.405667216    
   15.3002548      0.396506637    
   15.3102551      0.387306452    
   15.3202553      0.378067523    
   15.3302555      0.368790776    
   15.3402557      0.359477162    
   15.3502560      0.350127578    
   15.3602562      0.340743005    
   15.3702564      0.331324339    
   15.3802567      0.321872532    
   15.3902569      0.312388569    
   15.4002571      0.302873343    
   15.4102573      0.293327808    
   15.4202576      0.283752978    
   15.4302578      0.274149746    
   15.4402580      0.264519125    
   15.4502583      0.254862010    
   15.4602585      0.245179445    
   15.4702587      0.235472351    
   15.4802589      0.225741699    
   15.4902592      0.215988487    
   15.5002594      0.206213668    
   15.5102596      0.196418226    
   15.5202599      0.186603144    
   15.5302601      0.176769391    
   15.5402603      0.166917965    
   15.5502605      0.157049850    
   15.5602608      0.147166029    
   15.5702610      0.137267500    
   15.5802612      0.127355233    
   15.5902615      0.117430232    
   15.6002617      0.107493483    
   15.6102619       9.75459889E-02
   15.6202621       8.75887424E-02
   15.6302624       7.76227340E-02
   15.6402626       6.76489621E-02
   15.6502628       5.76684214E-02
   15.6602631       4.76821214E-02
   15.6702633       3.76910493E-02
   15.6802635       2.76962072E-02
   15.6902637       1.76985953E-02
   15.7002640       7.69921485E-03
   15.7102642      -2.30093603E-03
   15.7202644      -1.23008564E-02
   15.7302647      -2.22995467E-02
   15.7402649      -3.22960094E-02
   15.7502651      -4.22892384E-02
   15.7602654      -5.22782393E-02
   15.7702656      -6.22620136E-02
   15.7802658      -7.22395629E-02
   15.7902660      -8.22098851E-02
   15.8002663      -9.21719894E-02
   15.8102665     -0.102124870    
   15.8202667     -0.112067543    
   15.8302670     -0.121999003    
   15.8402672     -0.131918266    
   15.8502674     -0.141824335    
   15.8602676     -0.151716232    
   15.8702679     -0.161592945    
   15.8802681     -0.171453506    
   15.8902683     -0.181296915    
   15.9002686     -0.191122189    
   15.9102688     -0.200928360    
   15.9202690     -0.210714430    
   15.9302692     -0.220479429    
   15.9402695     -0.230222389    
   15.9502697     -0.239942312    
   15.9602699     -0.249638245    
   15.9702702     -0.259309232    
   15.9802704     -0.268954247    
   15.9902706     -0.278572410    
   16.0002708     -0.288162678    
   16.0102711     -0.297724158    
   16.0202713     -0.307255834    
   16.0302715     -0.316756815    
   16.0402718     -0.326226085    
   16.0502720     -0.335662752    
   16.0602722     -0.345065862    
   16.0702724     -0.354434431    
   16.0802727     -0.363767594    
   16.0902729     -0.373064369    
   16.1002731     -0.382323802    
   16.1102734     -0.391545027    
   16.1202736     -0.400727093    
   16.1302738     -0.409869105    
   16.1402740     -0.418970108    
   16.1502743     -0.428029209    
   16.1602745     -0.437045515    
   16.1702747     -0.446018100    
   16.1802750     -0.454946101    
   16.1902752     -0.463828593    
   16.2002754     -0.472664714    
   16.2102757     -0.481453568    
   16.2202759     -0.490194261    
   16.2302761     -0.498885930    
   16.2402763     -0.507527709    
   16.2502766     -0.516118765    
   16.2602768     -0.524658144    
   16.2702770     -0.533145130    
   16.2802773     -0.541578770    
   16.2902775     -0.549958229    
   16.3002777     -0.558282673    
   16.3102779     -0.566551328    
   16.3202782     -0.574763298    
   16.3302784     -0.582917809    
   16.3402786     -0.591014028    
   16.3502789     -0.599051178    
   16.3602791     -0.607028365    
   16.3702793     -0.614944875    
   16.3802795     -0.622799873    
   16.3902798     -0.630592585    
   16.4002800     -0.638322234    
   16.4102802     -0.645988047    
   16.4202805     -0.653589308    
   16.4302807     -0.661125124    
   16.4402809     -0.668594897    
   16.4502811     -0.675997794    
   16.4602814     -0.683333039    
   16.4702816     -0.690599978    
   16.4802818     -0.697797894    
   16.4902821     -0.704926014    
   16.5002823     -0.711983621    
   16.5102825     -0.718970001    
   16.5202827     -0.725884497    
   16.5302830     -0.732726395    
   16.5402832     -0.739495039    
   16.5502834     -0.746189713    
   16.5602837     -0.752809823    
   16.5702839     -0.759354591    
   16.5802841     -0.765823424    
   16.5902843     -0.772215664    
   16.6002846     -0.778530717    
   16.6102848     -0.784767866    
   16.6202850     -0.790926576    
   16.6302853     -0.797006190    
   16.6402855     -0.803006053    
   16.6502857     -0.808925688    
   16.6602859     -0.814764380    
   16.6702862     -0.820521593    
   16.6802864     -0.826196730    
   16.6902866     -0.831789315    
   16.7002869     -0.837298632    
   16.7102871     -0.842724264    
   16.7202873     -0.848065615    
   16.7302876     -0.853322148    
   16.7402878     -0.858493388    
   16.7502880     -0.863578737    
   16.7602882     -0.868577719    
   16.7702885     -0.873489857    
   16.7802887     -0.878314614    
   16.7902889     -0.883051574    
   16.8002892     -0.887700200    
   16.8102894     -0.892260075    
   16.8202896     -0.896730721    
   16.8302898     -0.901111662    
   16.8402901     -0.905402482    
   16.8502903     -0.909602761    
   16.8602905     -0.913712144    
   16.8702908     -0.917730093    
   16.8802910     -0.921656251    
   16.8902912     -0.925490260    
   16.9002914     -0.929231763    
   16.9102917     -0.932880282    
   16.9202919     -0.936435521    
   16.9302921     -0.939897120    
   16.9402924     -0.943264723    
   16.9502926     -0.946537971    
   16.9602928     -0.949716628    
   16.9702930     -0.952800214    
   16.9802933     -0.955788612    
   16.9902935     -0.958681345    
   17.0002937     -0.961478293    
   17.0102940     -0.964179039    
   17.0202942     -0.966783345    
   17.0302944     -0.969291031    
   17.0402946     -0.971701741    
   17.0502949     -0.974015236    
   17.0602951     -0.976231396    
   17.0702953     -0.978349924    
   17.0802956     -0.980370581    
   17.0902958     -0.982293189    
   17.1002960     -0.984117568    
   17.1102962     -0.985843599    
   17.1202965     -0.987470984    
   17.1302967     -0.988999605    
   17.1402969     -0.990429342    
   17.1502972     -0.991760015    
   17.1602974     -0.992991567    
   17.1702976     -0.994123757    
   17.1802979     -0.995156586    
   17.1902981     -0.996089816    
   17.2002983     -0.996923506    
   17.2102985     -0.997657478    
   17.2202988     -0.998291671    
   17.2302990     -0.998826027    
   17.2402992     -0.999260485    
   17.2502995     -0.999595046    
   17.2602997     -0.999829650    
   17.2702999     -0.999964237    
   17.2803001     -0.999998808    
   17.2903004     -0.999933422    
   17.3003006     -0.999768019    
   17.3103008     -0.999502599    
   17.3203011     -0.999137282    
   17.3303013     -0.998672009    
   17.3403015     -0.998106897    
   17.3503017     -0.997441947    
   17.3603020     -0.996677279    
   17.3703022     -0.995812893    
   17.3803024     -0.994848967    
   17.3903027     -0.993785501    
   17.4003029     -0.992622674    
   17.4103031     -0.991360605    
   17.4203033     -0.989999413    
   17.4303036     -0.988539159    
   17.4403038     -0.986980081    
   17.4503040     -0.985322297    
   17.4603043     -0.983565986    
   17.4703045     -0.981711268    
   17.4803047     -0.979758441    
   17.4903049     -0.977707624    
   17.5003052     -0.975558996    
   17.5103054     -0.973312795    
   17.5203056     -0.970969319    
   17.5303059     -0.968528688    
   17.5403061     -0.965991259    
   17.5503063     -0.963357210    
   17.5603065     -0.960626781    
   17.5703068     -0.957800329    
   17.5803070     -0.954878032    
   17.5903072     -0.951860309    
   17.6003075     -0.948747396    
   17.6103077     -0.945539534    
   17.6203079     -0.942237198    
   17.6303082     -0.938840568    
   17.6403084     -0.935350120    
   17.6503086     -0.931766093    
   17.6603088     -0.928088903    
   17.6703091     -0.924318850    
   17.6803093     -0.920456409    
   17.6903095     -0.916501880    
   17.7003098     -0.912455738    
   17.7103100     -0.908318341    
   17.7203102     -0.904090106    
   17.7303104     -0.899771452    
   17.7403107     -0.895362794    
   17.7503109     -0.890864670    
   17.7603111     -0.886277378    
   17.7703114     -0.881601512    
   17.7803116     -0.876837432    
   17.7903118     -0.871985674    
   17.8003120     -0.867046773    
   17.8103123     -0.862021089    
   17.8203125     -0.856909215    
   17.8303127     -0.851711690    
   17.8403130     -0.846428990    
   17.8503132     -0.841061592    
   17.8603134     -0.835610092    
   17.8703136     -0.830075085    
   17.8803139     -0.824456990    
   17.8903141     -0.818756521    
   17.9003143     -0.812974095    
   17.9103146     -0.807110429    
   17.9203148     -0.801166058    
   17.9303150     -0.795141518    
   17.9403152     -0.789037466    
   17.9503155     -0.782854557    
   17.9603157     -0.776593328    
   17.9703159     -0.770254433    
   17.9803162     -0.763838470    
   17.9903164     -0.757346213    
   18.0003166     -0.750778139    
   18.0103168     -0.744135022    
   18.0203171     -0.737417459    
   18.0303173     -0.730626166    
   18.0403175     -0.723761857    
   18.0503178     -0.716825128    
   18.0603180     -0.709816694    
   18.0703182     -0.702737272    
   18.0803185     -0.695587635    
   18.0903187     -0.688368380    
   18.1003189     -0.681080282    
   18.1103191     -0.673724115    
   18.1203194     -0.666300535    
   18.1303196     -0.658810377    
   18.1403198     -0.651254296    
   18.1503201     -0.643633068    
   18.1603203     -0.635947466    
   18.1703205     -0.628198326    
   18.1803207     -0.620386302    
   18.1903210     -0.612512290    
   18.2003212     -0.604577005    
   18.2103214     -0.596581280    
   18.2203217     -0.588525832    
   18.2303219     -0.580411613    
   18.2403221     -0.572239280    
   18.2503223     -0.564009726    
   18.2603226     -0.555723846    
   18.2703228     -0.547382295    
   18.2803230     -0.538986087    
   18.2903233     -0.530535936    
   18.3003235     -0.522032678    
   18.3103237     -0.513477266    
   18.3203239     -0.504870534    
   18.3303242     -0.496213287    
   18.3403244     -0.487506419    
   18.3503246     -0.478750795    
   18.3603249     -0.469947278    
   18.3703251     -0.461096793    
   18.3803253     -0.452200174    
   18.3903255     -0.443258345    
   18.4003258     -0.434272200    
   18.4103260     -0.425242603    
   18.4203262     -0.416170478    
   18.4303265     -0.407056749    
   18.4403267     -0.397902310    
   18.4503269     -0.388708085    
   18.4603271     -0.379474998    
   18.4703274     -0.370203942    
   18.4803276     -0.360895872    
   18.4903278     -0.351551712    
   18.5003281     -0.342172384    
   18.5103283     -0.332758844    
   18.5203285     -0.323312014    
   18.5303288     -0.313832879    
   18.5403290     -0.304322332    
   18.5503292     -0.294781357    
   18.5603294     -0.285210937    
   18.5703297     -0.275611967    
   18.5803299     -0.265985429    
   18.5903301     -0.256332308    
   18.6003304     -0.246653527    
   18.6103306     -0.236950099    
   18.6203308     -0.227222979    
   18.6303310     -0.217473119    
   18.6403313     -0.207701519    
   18.6503315     -0.197909161    
   18.6603317     -0.188097000    
   18.6703320     -0.178266019    
   18.6803322     -0.168417230    
   18.6903324     -0.158551589    
   18.7003326     -0.148670092    
   18.7103329     -0.138773724    
   18.7203331     -0.128863484    
   18.7303333     -0.118940353    
   18.7403336     -0.109005332    
   18.7503338      -9.90594104E-02
   18.7603340      -8.91035795E-02
   18.7703342      -7.91388378E-02
   18.7803345      -6.91661835E-02
   18.7903347      -5.91866113E-02
   18.8003349      -4.92011197E-02
   18.8103352      -3.92107069E-02
   18.8203354      -2.92163752E-02
   18.8303356      -1.92191210E-02
   18.8403358      -9.21994541E-03
   18.8503361       7.80153205E-04
   18.8603363       1.07801734E-02
   18.8703365       2.07791161E-02
   18.8803368       3.07759792E-02
   18.8903370       4.07697670E-02
   18.9003372       5.07594757E-02
   18.9103374       6.07441068E-02
   18.9203377       7.07226694E-02
   18.9303379       8.06941539E-02
   18.9403381       9.06575695E-02
   18.9503384      0.100611918    
   18.9603386      0.110556208    
   18.9703388      0.120489441    
   18.9803391      0.130410627    
   18.9903393      0.140318766    
   19.0003395      0.150212869    
   19.0103397      0.160091966    
   19.0203400      0.169955045    
   19.0303402      0.179801121    
   19.0403404      0.189629227    
   19.0503407      0.199438363    
   19.0603409      0.209227547    
   19.0703411      0.218995824    
   19.0803413      0.228742182    
   19.0903416      0.238465682    
   19.1003418      0.248165324    
   19.1103420      0.257840157    
   19.1203423      0.267489195    
   19.1303425      0.277111501    
   19.1403427      0.286706060    
   19.1503429      0.296271980    
   19.1603432      0.305808276    
   19.1703434      0.315313965    
   19.1803436      0.324788123    
   19.1903439      0.334229827    
   19.2003441      0.343638092    
   19.2103443      0.353011966    
   19.2203445      0.362350583    
   19.2303448      0.371652931    
   19.2403450      0.380918115    
   19.2503452      0.390145212    
   19.2603455      0.399333298    
   19.2703457      0.408481449    
   19.2803459      0.417588741    
   19.2903461      0.426654279    
   19.3003464      0.435677171    
   19.3103466      0.444656461    
   19.3203468      0.453591287    
   19.3303471      0.462480754    
   19.3403473      0.471323997    
   19.3503475      0.480120093    
   19.3603477      0.488868147    
   19.3703480      0.497567356    
   19.3803482      0.506216764    
   19.3903484      0.514815569    
   19.4003487      0.523362875    
   19.4103489      0.531857848    
   19.4203491      0.540299654    
   19.4303493      0.548687458    
   19.4403496      0.557020307    
   19.4503498      0.565297544    
   19.4603500      0.573518157    
   19.4703503      0.581681490    
   19.4803505      0.589786589    
   19.4903507      0.597832739    
   19.5003510      0.605819106    
   19.5103512      0.613744915    
   19.5203514      0.621609330    
   19.5303516      0.629411578    
   19.5403519      0.637150824    
   19.5503521      0.644826412    
   19.5603523      0.652437508    
   19.5703526      0.659983397    
   19.5803528      0.667463243    
   19.5903530      0.674876332    
   19.6003532      0.682221949    
   19.6103535      0.689499319    
   19.6203537      0.696707726    
   19.6303539      0.703846514    
   19.6403542      0.710914850    
   19.6503544      0.717912138    
   19.6603546      0.724837661    
   19.6703548      0.731690645    
   19.6803551      0.738470435    
   19.6903553      0.745176435    
   19.7003555      0.751807868    
   19.7103558      0.758364141    
   19.7203560      0.764844596    
   19.7303562      0.771248519    
   19.7403564      0.777575374    
   19.7503567      0.783824444    
   19.7603569      0.789995074    
   19.7703571      0.796086729    
   19.7803574      0.802098811    
   19.7903576      0.808030665    
   19.8003578      0.813881695    
   19.8103580      0.819651365    
   19.8203583      0.825339019    
   19.8303585      0.830944180    
   19.8403587      0.836466193    
   19.8503590      0.841904581    
   19.8603592      0.847258806    
   19.8703594      0.852528274    
   19.8803596      0.857712507    
   19.8903599      0.862810910    
   19.9003601      0.867823064    
   19.9103603      0.872748435    
   19.9203606      0.877586544    
   19.9303608      0.882336855    
   19.9403610      0.886998951    
   19.9503613      0.891572356    
   19.9603615      0.896056592    
   19.9703617      0.900451243    
   19.9803619      0.904755771    
   19.9903622      0.908969879    
   20.0003624      0.913093090    
   20.0103626      0.917124987    
   20.0203629      0.921065152    
   20.0303631      0.924913168    
   20.0403633      0.928668737    
   20.0503635      0.932331443    
   20.0603638      0.935900867    
   20.0703640      0.939376771    
   20.0803642      0.942758679    
   20.0903645      0.946046293    
   20.1003647      0.949239314    
   20.1103649      0.952337444    
   20.1203651      0.955340326    
   20.1303654      0.958247602    
   20.1403656      0.961059153    
   20.1503658      0.963774502    
   20.1603661      0.966393530    
   20.1703663      0.968915880    
   20.1803665      0.971341372    
   20.1903667      0.973669708    
   20.2003670      0.975900650    
   20.2103672      0.978034019    
   20.2203674      0.980069578    
   20.2303677      0.982007146    
   20.2403679      0.983846486    
   20.2503681      0.985587478    
   20.2603683      0.987229824    
   20.2703686      0.988773525    
   20.2803688      0.990218282    
   20.2903690      0.991564095    
   20.3003693      0.992810667    
   20.3103695      0.993957996    
   20.3203697      0.995005906    
   20.3303699      0.995954335    
   20.3403702      0.996803164    
   20.3503704      0.997552276    
   20.3603706      0.998201668    
   20.3703709      0.998751163    
   20.3803711      0.999200881    
   20.3903713      0.999550581    
   20.4003716      0.999800384    
   20.4103718      0.999950171    
   20.4203720       1.00000000    
   20.4303722      0.999949813    
   20.4403725      0.999799609    
   20.4503727      0.999549448    
   20.4603729      0.999199271    
   20.4703732      0.998749197    
   20.4803734      0.998199284    
   20.4903736      0.997549534    
   20.5003738      0.996800005    
   20.5103741      0.995950758    
   20.5203743      0.995001972    
   20.5303745      0.993953645    
   20.5403748      0.992805958    
   20.5503750      0.991558969    
   20.5603752      0.990212798    
   20.5703754      0.988767624    
   20.5803757      0.987223566    
   20.5903759      0.985580742    
   20.6003761      0.983839393    
   20.6103764      0.981999695    
   20.6203766      0.980061769    
   20.6303768      0.978025794    
   20.6403770      0.975892067    
   20.6503773      0.973660707    
   20.6603775      0.971331954    
   20.6703777      0.968906105    
   20.6803780      0.966383398    
   20.6903782      0.963763952    
   20.7003784      0.961048186    
   20.7103786      0.958236337    
   20.7203789      0.955328643    
   20.7303791      0.952325404    
   20.7403793      0.949226916    
   20.7503796      0.946033478    
   20.7603798      0.942745507    
   20.7703800      0.939363182    
   20.7803802      0.935886979    
   20.7903805      0.932317138    
   20.8003807      0.928654075    
   20.8103809      0.924898148    
   20.8203812      0.921049714    
   20.8303814      0.917109191    
   20.8403816      0.913076937    
   20.8503819      0.908953428    
   20.8603821      0.904738963    
   20.8703823      0.900434017    
   20.8803825      0.896039069    
   20.8903828      0.891554475    
   20.9003830      0.886980712    
   20.9103832      0.882318258    
   20.9203835      0.877567589    
   20.9303837      0.872729182    
   20.9403839      0.867803454    
   20.9503841      0.862790942    
   20.9603844      0.857692182    
   20.9703846      0.852507591    
   20.9803848      0.847237825    
   20.9903851      0.841883242    
   21.0003853      0.836444557    
   21.0103855      0.830922186    
   21.0203857      0.825316727    
   21.0303860      0.819628716    
   21.0403862      0.813858747    
   21.0503864      0.808007360    
   21.0603867      0.802075207    
   21.0703869      0.796062827    
   21.0803871      0.789970875    
   21.0903873      0.783799887    
   21.1003876      0.777550519    
   21.1103878      0.771223366    
   21.1203880      0.764819145    
   21.1303883      0.758338392    
   21.1403885      0.751781821    
   21.1503887      0.745150089    
   21.1603889      0.738443792    
   21.1703892      0.731663704    
   21.1803894      0.724810421    
   21.1903896      0.717884660    
   21.2003899      0.710887074    
   21.2103901      0.703818440    
   21.2203903      0.696679413    
   21.2303905      0.689470708    
   21.2403908      0.682193041    
   21.2503910      0.674847186    
   21.2603912      0.667433798    
   21.2703915      0.659953713    
   21.2803917      0.652407587    
   21.2903919      0.644796252    
   21.3003922      0.637120366    
   21.3103924      0.629380822    
   21.3203926      0.621578336    
   21.3303928      0.613713682    
   21.3403931      0.605787694    
   21.3503933      0.597801089    
   21.3603935      0.589754701    
   21.3703938      0.581649303    
   21.3803940      0.573485792    
   21.3903942      0.565264940    
   21.4003944      0.556987524    
   21.4103947      0.548654377    
   21.4203949      0.540266395    
   21.4303951      0.531824410    
   21.4403954      0.523329198    
   21.4503956      0.514781713    
   21.4603958      0.506182671    
   21.4703960      0.497533053    
   21.4803963      0.488833666    
   21.4903965      0.480085403    
   21.5003967      0.471289128    
   21.5103970      0.462445736    
   21.5203972      0.453556061    
   21.5303974      0.444621056    
   21.5403976      0.435641587    
   21.5503979      0.426618546    
   21.5603981      0.417552829    
   21.5703983      0.408445388    
   21.5803986      0.399297059    
   21.5903988      0.390108824    
   21.6003990      0.380881578    
   21.6103992      0.371616244    
   21.6203995      0.362313747    
   21.6303997      0.352975011    
   21.6403999      0.343600959    
   21.6504002      0.334192574    
   21.6604004      0.324750751    
   21.6704006      0.315276474    
   21.6804008      0.305770636    
   21.6904011      0.296234250    
   21.7004013      0.286668211    
   21.7104015      0.277073532    
   21.7204018      0.267451108    
   21.7304020      0.257801980    
   21.7404022      0.248127043    
   21.7504025      0.238427296    
   21.7604027      0.228703707    
   21.7704029      0.218957260    
   21.7804031      0.209188908    
   21.7904034      0.199399635    
   21.8004036      0.189590409    
   21.8104038      0.179762244    
   21.8204041      0.169916093    
   21.8304043      0.160052955    
   21.8404045      0.150173798    
   21.8504047      0.140279636    
   21.8604050      0.130371436    
   21.8704052      0.120450206    
   21.8804054      0.110516928    
   21.8904057      0.100572601    
   21.9004059       9.06182081E-02
   21.9104061       8.06547627E-02
   21.9204063       7.06832409E-02
   21.9304066       6.07046597E-02
   21.9404068       5.07200025E-02
   21.9504070       4.07302752E-02
   21.9604073       3.07364762E-02
   21.9704075       2.07396019E-02
   21.9804077       1.07406536E-02
   21.9904079       7.40631309E-04
   22.0004082      -9.25946515E-03
   22.0104084      -1.92586351E-02
   22.0204086      -2.92558800E-02
   22.0304089      -3.92501988E-02
   22.0404091      -4.92405929E-02
   22.0504093      -5.92260621E-02
   22.0604095      -6.92056119E-02
   22.0704098      -7.91782364E-02
   22.0804100      -8.91429409E-02
   22.0904102      -9.90987346E-02
   22.1004105     -0.109044619    
   22.1104107     -0.118979596    
   22.1204109     -0.128902674    
   22.1304111     -0.138812870    
   22.1404114     -0.148709178    
   22.1504116     -0.158590615    
   22.1604118     -0.168456182    
   22.1704121     -0.178304911    
   22.1804123     -0.188135818    
   22.1904125     -0.197947890    
   22.2004128     -0.207740188    
   22.2104130     -0.217511699    
   22.2204132     -0.227261454    
   22.2304134     -0.236988500    
   22.2404137     -0.246691838    
   22.2504139     -0.256370485    
   22.2604141     -0.266023517    
   22.2704144     -0.275649935    
   22.2804146     -0.285248816    
   22.2904148     -0.294819146    
   22.3004150     -0.304359972    
   22.3104153     -0.313870400    
   22.3204155     -0.323349416    
   22.3304157     -0.332796097    
   22.3404160     -0.342209518    
   22.3504162     -0.351588696    
   22.3604164     -0.360932708    
   22.3704166     -0.370240659    
   22.3804169     -0.379511565    
   22.3904171     -0.388744503    
   22.4004173     -0.397938579    
   22.4104176     -0.407092869    
   22.4204178     -0.416206419    
   22.4304180     -0.425278366    
   22.4404182     -0.434307784    
   22.4504185     -0.443293780    
   22.4604187     -0.452235430    
   22.4704189     -0.461131871    
   22.4804192     -0.469982177    
   22.4904194     -0.478785485    
   22.5004196     -0.487540931    
   22.5104198     -0.496247590    
   22.5204201     -0.504904628    
   22.5304203     -0.513511181    
   22.5404205     -0.522066414    
   22.5504208     -0.530569434    
   22.5604210     -0.539019346    
   22.5704212     -0.547415376    
   22.5804214     -0.555756688    
   22.5904217     -0.564042389    
   22.6004219     -0.572271705    
   22.6104221     -0.580443799    
   22.6204224     -0.588557780    
   22.6304226     -0.596612990    
   22.6404228     -0.604608476    
   22.6504230     -0.612543523    
   22.6604233     -0.620417297    
   22.6704235     -0.628229082    
   22.6804237     -0.635977983    
   22.6904240     -0.643663287    
   22.7004242     -0.651284277    
   22.7104244     -0.658840060    
   22.7204247     -0.666330040    
   22.7304249     -0.673753321    
   22.7404251     -0.681109250    
   22.7504253     -0.688397050    
   22.7604256     -0.695616007    
   22.7704258     -0.702765405    
   22.7804260     -0.709844530    
   22.7904263     -0.716852665    
   22.8004265     -0.723789096    
   22.8104267     -0.730653167    
   22.8204269     -0.737444162    
   22.8304272     -0.744161427    
   22.8404274     -0.750804245    
   22.8504276     -0.757372022    
   22.8604279     -0.763863981    
   22.8704281     -0.770279646    
   22.8804283     -0.776618183    
   22.8904285     -0.782879114    
   22.9004288     -0.789061785    
   22.9104290     -0.795165479    
   22.9204292     -0.801189661    
   22.9304295     -0.807133794    
   22.9404297     -0.812997103    
   22.9504299     -0.818779171    
   22.9604301     -0.824479401    
   22.9704304     -0.830097079    
   22.9804306     -0.835631847    
   22.9904308     -0.841082990    
   23.0004311     -0.846450031    
   23.0104313     -0.851732373    
   23.0204315     -0.856929600    
   23.0304317     -0.862041116    
   23.0404320     -0.867066443    
   23.0504322     -0.872005045    
   23.0604324     -0.876856446    
   23.0704327     -0.881620169    
   23.0804329     -0.886295676    
   23.0904331     -0.890882611    
   23.1004333     -0.895380437    
   23.1104336     -0.899788678    
   23.1204338     -0.904106975    
   23.1304340     -0.908334851    
   23.1404343     -0.912471950    
   23.1504345     -0.916517735    
   23.1604347     -0.920471847    
   23.1704350     -0.924333930    
   23.1804352     -0.928103566    
   23.1904354     -0.931780457    
   23.2004356     -0.935364068    
   23.2104359     -0.938854218    
   23.2204361     -0.942250431    
   23.2304363     -0.945552409    
   23.2404366     -0.948759854    
   23.2504368     -0.951872408    
   23.2604370     -0.954889774    
   23.2704372     -0.957811654    
   23.2804375     -0.960637748    
   23.2904377     -0.963367760    
   23.3004379     -0.966001451    
   23.3104382     -0.968538523    
   23.3204384     -0.970978796    
   23.3304386     -0.973321915    
   23.3404388     -0.975567698    
   23.3504391     -0.977715909    
   23.3604393     -0.979766369    
   23.3704395     -0.981718838    
   23.3804398     -0.983573139    
   23.3904400     -0.985329032    
   23.4004402     -0.986986458    
   23.4104404     -0.988545120    
   23.4204407     -0.990004957    
   23.4304409     -0.991365790    
   23.4404411     -0.992627501    
   23.4504414     -0.993789911    
   23.4604416     -0.994852960    
   23.4704418     -0.995816529    
   23.4804420     -0.996680498    
   23.4904423     -0.997444749    
   23.5004425     -0.998109341    
   23.5104427     -0.998674035    
   23.5204430     -0.999138892    
   23.5304432     -0.999503851    
   23.5404434     -0.999768853    
   23.5504436     -0.999933839    
   23.5604439     -0.999998868    
   23.5704441     -0.999963880    
   23.5804443     -0.999828875    
   23.5904446     -0.999593914    
   23.6004448     -0.999258995    
   23.6104450     -0.998824120    
   23.6204453     -0.998289347    
   23.6304455     -0.997654736    
   23.6404457     -0.996920407    
   23.6504459     -0.996086359    
   23.6604462     -0.995152652    
   23.6704464     -0.994119465    
   23.6804466     -0.992986858    
   23.6904469     -0.991755009    
   23.7004471     -0.990423918    
   23.7104473     -0.988993764    
   23.7204475     -0.987464726    
   23.7304478     -0.985836923    
   23.7404480     -0.984110594    
   23.7504482     -0.982285798    
   23.7604485     -0.980362773    
   23.7704487     -0.978341699    
   23.7804489     -0.976222813    
   23.7904491     -0.974006295    
   23.8004494     -0.971692383    
   23.8104496     -0.969281256    
   23.8204498     -0.966773272    
   23.8304501     -0.964168549    
   23.8404503     -0.961467385    
   23.8504505     -0.958670139    
   23.8604507     -0.955776989    
   23.8704510     -0.952788234    
   23.8804512     -0.949704230    
   23.8904514     -0.946525216    
   23.9004517     -0.943251610    
   23.9104519     -0.939883590    
   23.9204521     -0.936421633    
   23.9304523     -0.932866037    
   23.9404526     -0.929217160    
   23.9504528     -0.925475299    
   23.9604530     -0.921640933    
   23.9704533     -0.917714357    
   23.9804535     -0.913696051    
   23.9904537     -0.909586370    
   24.0004539     -0.905385733    
   24.0104542     -0.901094496    
   24.0204544     -0.896713197    
   24.0304546     -0.892242193    
   24.0404549     -0.887682021    
   24.0504551     -0.883033037    
   24.0604553     -0.878295720    
   24.0704556     -0.873470604    
   24.0804558     -0.868558109    
   24.0904560     -0.863558769    
   24.1004562     -0.858473122    
   24.1104565     -0.853301585    
   24.1204567     -0.848044693    
   24.1304569     -0.842702985    
   24.1404572     -0.837277055    
   24.1504574     -0.831767380    
   24.1604576     -0.826174498    
   24.1704578     -0.820499003    
   24.1804581     -0.814741433    
   24.1904583     -0.808902442    
   24.2004585     -0.802982509    
   24.2104588     -0.796982288    
   24.2204590     -0.790902376    
   24.2304592     -0.784743369    
   24.2404594     -0.778505921    
   24.2504597     -0.772190571    
   24.2604599     -0.765798032    
   24.2704601     -0.759328842    
   24.2804604     -0.752783775    
   24.2904606     -0.746163428    
   24.3004608     -0.739468455    
   24.3104610     -0.732699513    
   24.3204613     -0.725857317    
   24.3304615     -0.718942523    
   24.3404617     -0.711955845    
   24.3504620     -0.704897940    
   24.3604622     -0.697769582    
   24.3704624     -0.690571427    
   24.3804626     -0.683304191    
   24.3904629     -0.675968647    
   24.4004631     -0.668565512    
   24.4104633     -0.661095500    
   24.4204636     -0.653559387    
   24.4304638     -0.645957887    
   24.4404640     -0.638291836    
   24.4504642     -0.630561888    
   24.4604645     -0.622768939    
   24.4704647     -0.614913702    
   24.4804649     -0.606996953    
   24.4904652     -0.599019527    
   24.5004654     -0.590982139    
   24.5104656     -0.582885742    
   24.5204659     -0.574730992    
   24.5304661     -0.566518784    
   24.5404663     -0.558249891    
   24.5504665     -0.549925208    
   24.5604668     -0.541545510    
   24.5704670     -0.533111691    
   24.5804672     -0.524624527    
   24.5904675     -0.516084909    
   24.6004677     -0.507493675    
   24.6104679     -0.498851687    
   24.6204681     -0.490159810    
   24.6304684     -0.481418908    
   24.6404686     -0.472629875    
   24.6504688     -0.463793576    
   24.6604691     -0.454910904    
   24.6704693     -0.445982754    
   24.6804695     -0.437009960    
   24.6904697     -0.427993506    
   24.7004700     -0.418934226    
   24.7104702     -0.409833044    
   24.7204704     -0.400690883    
   24.7304707     -0.391508669    
   24.7404709     -0.382287294    
   24.7504711     -0.373027682    
   24.7604713     -0.363730788    
   24.7704716     -0.354397476    
   24.7804718     -0.345028758    
   24.7904720     -0.335625529    
   24.8004723     -0.326188743    
   24.8104725     -0.316719323    
   24.8204727     -0.307218224    
   24.8304729     -0.297686428    
   24.8404732     -0.288124830    
   24.8504734     -0.278534442    
   24.8604736     -0.268916190    
   24.8704739     -0.259271055    
   24.8804741     -0.249599978    
   24.8904743     -0.239903957    
   24.9004745     -0.230183929    
   24.9104748     -0.220440879    
   24.9204750     -0.210675806    
   24.9304752     -0.200889647    
   24.9404755     -0.191083401    
   24.9504757     -0.181258053    
   24.9604759     -0.171414569    
   24.9704762     -0.161553949    
   24.9804764     -0.151677161    
   24.9904766     -0.141785219    
   25.0004768     -0.131879091    
   25.0104771     -0.121959776    
   25.0204773     -0.112028271    
   25.0304775     -0.102085553    
   25.0404778      -9.21326354E-02
   25.0504780      -8.21704939E-02
   25.0604782      -7.22001418E-02
   25.0704784      -6.22225702E-02
   25.0804787      -5.22387736E-02
   25.0904789      -4.22497503E-02
   25.1004791      -3.22565064E-02
   25.1104794      -2.22600345E-02
   25.1204796      -1.22613376E-02
   25.1304798      -2.26141419E-03
